y = 0.126265x + 2.026280
Chi-square/NDF: 128.228
